% function evaluation | noise-free fitness - Fopt (6.870000000000e+00) | best noise-free fitness - Fopt | measured fitness | best measured fitness | x1 | x2...
1 +8.192585116e+00 +8.192585116e+00 +1.506258512e+01 +1.506258512e+01 +2.6957e-01 +7.4220e-01 +9.4080e-01 +7.5588e-01 +1.8119e-01 +6.2939e-01 +1.4372e-01 +2.8502e-01 +7.1274e-01 +8.3753e-02
32 +5.809138450e+00 +5.809138450e+00 +1.267913845e+01 +1.267913845e+01 +5.4188e-01 +3.7850e-01 +6.9859e-01 +5.6807e-02 +6.9599e-01 +3.9509e-01 +8.9643e-01 +4.8831e-01 +9.5007e-01 +4.8955e-01
49 +2.830463447e+00 +2.830463447e+00 +9.700463447e+00 +9.700463447e+00 +7.4001e-01 +6.9915e-01 +8.3055e-01 +5.2899e-01 +2.0749e-01 +5.9583e-01 +1.0002e-01 +7.4522e-01 +4.6281e-01 +5.1882e-01
1041 +2.065465785e+00 +2.065465785e+00 +8.935465785e+00 +8.935465785e+00 +9.0428e-01 +3.0628e-02 +7.3536e-02 +7.9414e-01 +5.1787e-01 +5.6052e-01 +7.6468e-02 +7.5927e-01 +2.1856e-02 +2.6849e-02
13902 +1.338572143e+00 +1.338572143e+00 +8.208572143e+00 +8.208572143e+00 +4.2228e-01 +2.9135e+00 +3.7851e+00 +1.4403e+00 -1.0401e+00 +2.7518e+00 -2.8568e+00 +1.7762e+00 -2.6635e+00 +3.0932e+00
37875 +9.019857191e-01 +9.019857191e-01 +7.771985719e+00 +7.771985719e+00 +5.2425e-01 +3.0628e-02 -6.4809e-03 +2.0830e-01 +1.5791e+00 +8.4649e-01 +1.5947e-01 +5.1139e-01 +1.9428e-01 +1.0211e+00
55717 +5.884270200e-01 +5.884270200e-01 +7.458427020e+00 +7.458427020e+00 +5.2425e-01 +3.0628e-02 -6.4809e-03 +2.0830e-01 +1.5719e+00 +8.4649e-01 +1.5947e-01 +5.1139e-01 +1.9428e-01 +1.0169e+00
128407 +3.608360979e-01 +3.608360979e-01 +7.230836098e+00 +7.230836098e+00 +5.2684e-01 +3.0628e-02 -7.5468e-04 +2.0830e-01 +1.5708e+00 +8.4649e-01 +1.6160e-01 +5.1163e-01 +1.9428e-01 +1.0169e+00
501221 +2.421618089e-01 +2.421618089e-01 +7.112161809e+00 +7.112161809e+00 +5.2687e-01 +2.9073e-02 -2.9251e-03 +2.0829e-01 +1.5705e+00 +8.4850e-01 +1.6160e-01 +5.1169e-01 +1.9428e-01 +1.0162e+00
